72: [(73, 28.04)]
50: [(107, 35.54), (51, 25.66)]
163: [(164, 22.08), (168, 28.06)]
67: [(68, 11.14)]
44: [(45, 28.82), (132, 20.99)]
99: [(100, 27.48)]
164: [(165, 24.27)]
159: [(160, 16.2)]
8: [(9, 14.62)]
127: [(198, 14.68), (90, 11.48), (128, 23.88)]
40: [(41, 8.68)]
128: [(108, 28.35), (129, 37.43)]
196: [(197, 13.16)]
100: [(101, 27.11), (139, 14.91)]
155: [(156, 21.28), (154, 21.37)]
132: [(133, 24.91)]
197: [(198, 7.89)]
137: [(138, 22.63)]
192: [(193, 28.99)]
15: [(197, 27.12), (16, 16.04)]
112: [(148, 6.77), (113, 15.49)]
41: [(42, 25.2), (157, 18.17)]
96: [(97, 14.97)]
18: [(19, 14.26)]
73: [(74, 25.84)]
133: [(134, 12.48)]
188: [(189, 24.7), (117, 23.43)]
4: [(194, 22.37), (5, 11.54)]
14: [(15, 10.56)]
170: [(171, 14.48)]
9: [(10, 24.17)]
74: [(75, 28.89)]
129: [(130, 20.09), (109, 19.84)]
106: [(107, 21.95)]
111: [(112, 21.77)]
166: [(167, 16.12)]
47: [(48, 24.33)]
42: [(43, 33.05)]
59: [(4, 26.62), (60, 15.79)]
107: [(108, 35.67)]
162: [(163, 12.63)]
134: [(135, 4.45)]
144: [(145, 24.89)]
38: [(39, 17.68)]
30: [(13, 8.03), (31, 35.59), (3, 31.1)]
48: [(49, 15.59)]
103: [(104, 8.03)]
80: [(81, 36.13)]
75: [(76, 25.47)]
85: [(86, 24.01)]
140: [(141, 12.81), (88, 13.8), (165, 33.52)]
195: [(196, 24.3), (54, 24.11)]
177: [(178, 28.91)]
16: [(17, 20.63)]
52: [(101, 21.53), (53, 17.92), (169, 22.64)]
71: [(72, 12.44)]
81: [(82, 10.66)]
136: [(137, 20.0)]
108: [(109, 22.55)]
118: [(119, 24.13)]
12: [(13, 7.41)]
173: [(174, 31.62)]
22: [(23, 21.04)]
77: [(78, 13.98)]
49: [(50, 17.74)]
104: [(105, 9.26)]
114: [(115, 19.73)]
169: [(170, 30.46), (130, 27.86)]
109: [(110, 35.75)]
13: [(14, 5.1)]
151: [(152, 30.95), (117, 26.73)]
45: [(46, 14.84)]
55: [(56, 34.28)]
110: [(111, 27.91)]
105: [(106, 14.18)]
82: [(83, 27.41)]
147: [(148, 19.13)]
51: [(52, 11.9)]
142: [(143, 8.47), (152, 19.21)]
46: [(47, 15.03)]
23: [(24, 13.93)]
78: [(79, 16.13)]
143: [(144, 13.73)]
83: [(84, 30.46)]
138: [(139, 23.72)]
115: [(116, 23.09)]
19: [(20, 23.51)]
175: [(176, 21.35)]
24: [(25, 15.97)]
79: [(80, 28.59), (43, 15.88)]
56: [(57, 22.87)]
116: [(117, 23.3)]
171: [(172, 16.58)]
20: [(21, 26.45)]
181: [(182, 25.72)]
57: [(58, 26.27)]
167: [(168, 26.23)]
89: [(90, 22.06)]
149: [(150, 24.97)]
36: [(38, 22.28), (37, 17.29)]
53: [(54, 25.66)]
25: [(26, 20.56)]
90: [(91, 34.82)]
145: [(146, 32.48), (59, 24.81), (184, 14.21)]
26: [(27, 30.39)]
10: [(174, 37.49), (11, 26.83)]
126: [(59, 23.7), (127, 8.38)]
21: [(22, 21.5)]
182: [(183, 22.4)]
31: [(32, 34.89)]
86: [(87, 18.42)]
141: [(142, 23.56), (139, 27.39)]
113: [(114, 26.01)]
123: [(124, 18.91)]
17: [(18, 14.6)]
130: [(20, 25.0), (131, 4.93)]
178: [(179, 17.01)]
27: [(28, 21.51)]
54: [(55, 28.17), (103, 11.8)]
64: [(65, 29.53)]
119: [(120, 23.26)]
139: [(187, 30.75), (140, 21.42)]
174: [(175, 24.54)]
88: [(160, 15.12), (89, 21.8)]
146: [(147, 28.6)]
156: [(157, 25.51)]
5: [(6, 18.68)]
172: [(66, 24.08), (173, 16.74)]
60: [(61, 22.32)]
87: [(88, 22.69)]
97: [(98, 10.42)]
152: [(153, 30.24)]
1: [(2, 13.22)]
179: [(180, 33.22)]
189: [(190, 21.52)]
28: [(29, 10.16)]
93: [(94, 36.9)]
148: [(149, 17.67)]
2: [(28, 26.12), (3, 4.38)]
120: [(121, 19.48)]
185: [(186, 39.16)]
180: [(181, 33.81)]
131: [(169, 26.65), (132, 17.57)]
29: [(30, 20.03)]
61: [(62, 12.48)]
84: [(85, 33.57)]
121: [(122, 24.27)]
176: [(177, 21.33)]
153: [(154, 14.6)]
186: [(187, 21.19)]
122: [(123, 33.63)]
62: [(63, 26.06)]
117: [(118, 21.01)]
94: [(95, 37.38)]
154: [(155, 21.37)]
3: [(4, 30.65)]
58: [(59, 33.85)]
35: [(36, 20.97)]
191: [(192, 27.02)]
95: [(96, 19.08)]
150: [(151, 15.51)]
187: [(188, 29.15)]
0: [(8, 20.0), (1, 14.28)]
91: [(92, 18.23)]
68: [(69, 19.24)]
63: [(64, 28.2)]
183: [(184, 26.38)]
160: [(161, 25.95)]
32: [(33, 27.09)]
193: [(194, 17.75)]
165: [(166, 28.4)]
69: [(70, 19.59)]
124: [(125, 34.31)]
101: [(102, 30.37)]
33: [(178, 22.31), (34, 7.43)]
161: [(162, 11.24)]
65: [(66, 28.42)]
198: [(199, 24.43)]
37: [(38, 11.3)]
92: [(93, 26.2)]
102: [(103, 11.51)]
157: [(158, 21.84)]
6: [(7, 16.84)]
184: [(185, 32.8)]
194: [(195, 26.3)]
43: [(44, 29.24)]
98: [(99, 33.42)]
70: [(71, 28.94)]
125: [(126, 22.93)]
135: [(136, 19.16)]
190: [(191, 17.07)]
39: [(40, 20.24)]
34: [(35, 19.63)]
11: [(12, 2.96)]
66: [(67, 20.31)]
76: [(77, 19.86)]
158: [(159, 22.32)]
168: [(169, 28.86)]
7: [(8, 9.83)]
