[0, 97.77, -53.26, 0.95]
[1, 77.44, 66.24, 1.98]
[2, 72.03, -26.47, 2.28]
[3, -58.35, 71.22, 1.13]
[4, 46.11, -63.33, 1.43]
[5, -21.24, 50.87, 2.68]
[6, 93.73, -12.72, 1.61]
[7, 32.94, -79.42, 2.92]
[8, -60.89, -55.4, 2.28]
[9, -97.49, -98.8, 2.28]
[10, -79.98, -1.24, 2.1]
[11, -44.67, -87.67, 2.01]
[12, 9.13, 23.52, 0.9]
[13, -4.55, -72.37, 0.59]
[14, 40.59, -58.75, 2.09]
[15, 53.59, -59.39, 2.48]
[16, 97.41, -37.58, 2.16]
[17, 77.02, -48.48, 1.72]
[18, 41.45, -89.76, 1.88]
[19, 25.85, -35.61, 1.83]
[20, -48.98, 70.42, 2.28]
[21, 69.13, 77.01, 2.71]
[22, 6.97, -72.69, 1.12]
[23, -39.71, -95.64, 0.8]
[24, 13.55, 19.12, 1.05]
[25, 67.79, 65.8, 0.53]
[26, 28.22, 47.01, 2.31]
[27, -26.38, -1.15, 1.12]
[28, 14.39, -42.97, 2.54]
[29, 94.35, -36.92, 0.82]
[30, -95.19, 49.3, 0.62]
[31, 9.16, -61.4, 1.39]
[32, -40.6, -43.46, 2.92]
[33, -79.4, 73.75, 1.11]
[34, 76.71, -81.89, 2.23]
[35, -90.81, 11.43, 2.43]
[36, -70.7, 64.65, 0.6]
[37, -11.83, 40.01, 2.55]
[38, 45.1, -91.44, 1.14]
[39, -57.75, -26.76, 1.52]
[40, -44.26, -31.43, 1.22]
[41, 35.59, 43.17, 2.5]
[42, -37.02, -75.56, 0.55]
[43, 62.27, 22.19, 1.09]
[44, 58.33, -66.61, 2.77]
[45, -55.76, 57.31, 1.48]
[46, -16.27, -59.39, 0.53]
[47, 62.9, 35.99, 2.32]
[48, -89.23, 77.86, 1.88]
[49, 2.16, -83.62, 2.4]
[50, 36.13, 13.81, 2.37]
[51, 1.77, 89.75, 1.4]
[52, -58.61, -99.79, 1.52]
[53, 92.23, 86.54, 1.13]
[54, -46.03, -32.96, 1.87]
[55, 18.62, -32.45, 2.54]
[56, -90.05, 53.88, 2.67]
[57, 87.26, -45.86, 0.59]
[58, -85.7, -85.24, 2.0]
[59, 89.05, 96.6, 1.52]
[60, -46.21, -11.16, 2.56]
[61, 40.38, 52.45, 1.95]
[62, -53.31, -99.2, 0.71]
[63, 9.99, -15.54, 2.19]
[64, -6.11, 10.66, 0.51]
[65, 97.15, -51.93, 2.3]
[66, 2.84, 88.29, 1.96]
[67, 12.83, -97.4, 1.7]
[68, -38.24, -90.45, 0.7]
[69, -85.67, 42.35, 2.91]
[70, -97.52, 2.21, 2.66]
[71, -37.74, 6.73, 2.39]
[72, -59.37, -30.76, 2.43]
[73, 93.72, -33.52, 1.42]
[74, -95.85, -52.3, 1.22]
[75, 65.32, 33.2, 2.67]
[76, 21.08, -18.71, 1.04]
[77, -99.47, -55.44, 2.89]
[78, -5.88, 73.61, 0.76]
[79, 61.91, 71.6, 2.07]
[80, 42.44, 41.89, 1.26]
[81, -21.03, 22.32, 0.59]
[82, -49.4, 84.79, 1.68]
[83, -97.07, 53.28, 0.81]
[84, -83.53, -11.09, 2.97]
[85, 55.54, 73.6, 2.88]
[86, -77.22, -42.78, 1.69]
[87, -94.33, -24.16, 2.07]
[88, 88.79, 3.3, 1.11]
[89, 40.62, -78.32, 0.65]
[90, 67.0, 31.28, 1.52]
[91, -3.18, 79.23, 1.61]
[92, -51.24, 79.29, 1.47]
[93, -84.15, -78.12, 1.82]
[94, -49.34, 30.0, 1.53]
[95, -7.27, 11.05, 0.97]
[96, 81.47, 3.97, 0.68]
[97, -62.99, 44.12, 1.08]
[98, -7.29, -93.79, 1.11]
[99, -18.64, 42.21, 1.76]
[100, 41.65, -77.88, 2.85]
[101, 95.71, -17.8, 2.5]
[102, 85.05, 37.61, 2.21]
[103, -24.76, 2.44, 2.64]
[104, -45.38, 30.9, 3.0]
[105, -83.18, -2.13, 0.94]
[106, 96.75, -22.93, 2.79]
[107, 59.75, -20.86, 2.46]
[108, 4.71, -28.79, 1.48]
[109, -88.29, -68.71, 2.95]
[110, 30.34, 77.32, 1.91]
[111, 62.84, 5.5, 2.81]
[112, -20.71, 36.49, 0.84]
[113, -63.78, -2.06, 0.92]
[114, 70.81, -18.81, 1.83]
[115, 97.33, -40.34, 0.78]
[116, -38.52, 50.79, 2.57]
[117, -47.79, -65.01, 2.74]
[118, 64.24, 56.28, 1.9]
[119, -27.79, 37.76, 1.7]
[120, -18.03, -90.22, 2.17]
[121, 1.79, -68.05, 2.26]
[122, -10.66, -14.91, 1.0]
[123, -99.64, 77.88, 1.29]
[124, 58.11, 59.09, 2.68]
[125, 78.41, -4.56, 0.56]
[126, 51.7, -78.72, 1.02]
[127, 39.43, -17.6, 2.92]
[128, 10.68, 78.14, 1.24]
[129, 74.69, -57.64, 1.53]
[130, 90.97, -86.52, 1.51]
[131, -66.59, 44.52, 2.17]
[132, 66.41, -93.17, 1.5]
[133, 44.45, 26.77, 2.56]
[134, 88.45, -21.52, 1.35]
[135, 8.61, 77.86, 2.8]
[136, -58.82, -33.11, 2.72]
[137, -53.2, 78.79, 2.37]
[138, -88.67, -33.02, 0.77]
[139, 13.48, 56.43, 1.07]
[140, 90.58, -63.4, 2.54]
[141, 78.24, 10.45, 2.66]
[142, 16.8, 12.42, 1.64]
[143, -96.11, 42.19, 0.64]
[144, 79.44, 45.82, 2.46]
[145, -25.26, -68.27, 0.78]
[146, 49.29, -12.24, 2.22]
[147, -85.37, 8.3, 1.71]
[148, 96.05, 29.73, 2.4]
[149, -57.88, -56.3, 2.96]
[150, -47.63, 97.76, 0.77]
[151, 53.68, 68.54, 1.32]
[152, -25.09, -18.53, 2.04]
[153, 72.07, -8.84, 2.23]
[154, -32.86, -87.79, 2.98]
[155, -52.0, 27.69, 0.78]
[156, 90.88, 33.55, 1.74]
[157, 87.37, 54.34, 1.79]
[158, 24.96, 39.68, 0.78]
[159, -63.67, -8.78, 0.55]
[160, 8.52, 50.37, 2.02]
[161, 54.8, 5.67, 0.55]
[162, -10.62, 98.07, 2.75]
[163, 54.21, 46.59, 2.54]
[164, 43.06, 52.77, 0.55]
[165, -58.81, 42.21, 1.26]
[166, -86.12, 81.23, 2.56]
[167, -47.3, -69.32, 1.73]
[168, 57.38, -28.25, 1.24]
[169, -42.35, 72.65, 1.01]
[170, -66.95, -37.83, 1.33]
[171, 99.92, 67.98, 0.73]
[172, -3.84, 62.94, 1.61]
[173, -37.6, -17.01, 1.97]
[174, 43.78, 83.48, 1.33]
[175, 62.03, -4.9, 1.44]
[176, -55.04, -19.0, 1.92]
[177, -31.81, -62.36, 0.76]
[178, -83.84, 37.07, 0.88]
[179, -57.35, 23.22, 1.2]
[180, -82.27, 77.36, 1.15]
[181, 75.25, 77.34, 1.67]
[182, -76.1, 24.14, 1.35]
[183, -9.51, -50.31, 1.53]
[184, 94.79, -56.01, 2.32]
[185, 76.87, 28.64, 0.9]
[186, -51.61, 24.76, 2.6]
[187, 95.35, -68.1, 2.71]
[188, 70.01, -71.56, 1.42]
[189, -86.18, -99.64, 1.94]
[190, 24.09, -74.06, 2.75]
[191, 78.78, 80.44, 0.79]
[192, -75.33, 93.06, 1.46]
[193, 45.01, -19.05, 0.53]
[194, -56.85, -90.5, 1.54]
[195, 96.42, 42.79, 2.09]
[196, -57.7, 94.6, 1.71]
[197, -39.14, 64.47, 2.71]
[198, 53.25, -96.77, 1.95]
[199, -47.77, 14.89, 0.93]
